13
21
23
28
29
31
32
33
48
50
52
60
62
70
76
80
98
102
114
118
133
134
141
142
146
157
159
160
161
180
182
190
191
195
201
216
217
229
234
240
245
252
253
258
262
265
268
275
286
297
299
305
306
311
313
317
320
323
325
326
329
330
340
347
348
360
369
371
372
378
382
390
398
402
404
405
409
414
415
424
428
431
435
437
442
449
453
454
458
466
468
470
476
480
489
491
495
499
504
506
507
508
510
512
514
518
531
549
551
552
555
558
563
565
566
567
569
574
588
592
594
603
605
607
610
611
612
614
618
623
624
626
627
633
635
643
647
652
654
660
662
667
675
681
688
692
695
698
702
707
708
713
720
734
744
750
751
754
759
760
764
766
770
774
779
784
785
795
800
804
814
819
829
834
839
854
862
865
866
870
871
875
879
880
888
889
891
893
894
900
908
913
920
922
923
926
933
941
951
952
954
962
964
965
969
979
981
984
987
988
993
995
998
1000
1032
1033
1034
1036
1044
1050
1051
1053
1057
1059
1061
1075
1081
1083
1091
1104
1106
1117
1126
1129
1136
1161
1164
1171
1172
1173
1178
1181
1190
1202
1210
1221
1225
1228
1229
1230
1240
1273
1280
1289
1291
1292
1297
1302
1304
1305
1313
1315
1328
1331
1333
1354
1357
1362
1363
1365
1368
1371
1374
1375
1377
1385
1388
1394
1402
1404
1405
1408
1416
1421
1427
1428
1430
1436
1441
1443
1448
1449
1462
1465
1490
1494
1496
1497
1500
1501
1504
1508
1512
1526
1529
1532
1533
1537
1540
1543
1552
1554
1560
1561
1567
1570
1573
1581
1585
1588
1590
1592
1594
1609
1616
1624
1629
1633
1652
1653
1655
1660
1673
1674
1678
1687
1688
1692
1697
1702
