4
6
37
44
56
59
60
61
64
67
69
70
76
82
88
107
108
113
117
121
126
139
140
143
148
149
159
162
172
175
183
184
188
198
204
205
207
236
239
241
243
252
256
259
268
278
281
283
290
295
299
303
313
321
325
330
331
333
335
337
340
350
354
362
363
366
370
377
383
394
395
396
399
400
401
402
405
409
412
415
416
418
420
427
434
438
442
444
447
453
458
462
472
476
482
483
486
492
494
501
505
508
515
516
519
526
531
532
535
541
544
550
551
552
565
566
568
573
574
575
577
584
598
603
615
618
633
637
642
646
649
650
651
659
667
674
682
683
686
689
692
694
702
703
706
708
709
715
718
720
724
725
727
730
732
738
746
750
759
765
775
776
777
779
788
794
797
802
803
810
812
823
829
830
836
838
841
845
859
862
864
911
915
921
925
929
931
933
937
939
943
950
952
954
957
958
962
966
969
970
973
989
990
1002
1005
1008
1010
1018
1022
1032
1033
1040
1045
1047
1050
1051
1065
1066
1068
1075
1084
1086
1091
1093
1097
1104
1115
1116
1126
1127
1128
1129
1131
1135
1136
1143
1144
1146
1156
1157
1162
1163
1170
1179
1182
1191
1193
1195
1212
1213
1219
1230
1231
1233
1238
1240
1244
1246
1248
1252
1254
1260
1265
1266
1273
1277
1284
1285
1286
1291
1295
1310
1318
1328
1340
1342
1349
1352
1356
1362
1363
1365
1370
1384
1389
1390
1394
1395
1400
1405
1412
1419
1427
1437
1453
1454
1459
1461
1471
1476
1485
1496
1511
1531
1537
1543
1547
1558
1565
1566
1569
1570
1572
1579
1582
1585
1589
1591
1597
1608
1610
1617
1620
1624
1634
1640
1643
1646
1648
1649
1658
1661
1665
1666
1668
1671
1682
1694
1695
1696
