4
16
26
38
40
48
50
56
65
79
83
92
101
102
105
108
110
115
117
120
131
135
141
144
147
153
155
182
185
188
191
197
200
202
215
219
221
225
226
227
233
235
240
251
254
255
259
267
272
274
276
278
282
284
286
291
293
303
309
313
314
315
316
317
319
328
337
340
345
348
350
363
374
376
377
383
387
393
396
398
400
404
409
412
414
417
420
426
439
441
442
446
447
450
459
465
473
476
485
490
494
499
514
519
525
532
536
540
542
543
549
550
551
553
554
565
568
580
584
585
592
594
600
603
609
619
642
643
646
651
658
663
672
676
677
681
682
684
687
689
701
709
721
723
726
729
735
738
750
754
755
757
770
772
785
789
793
795
808
812
831
841
847
851
856
859
866
867
870
872
873
876
882
884
892
903
905
906
910
915
925
934
935
939
940
945
946
948
950
951
954
965
969
973
974
976
978
980
982
987
995
996
1007
1010
1011
1012
1014
1015
1022
1023
1024
1028
1033
1034
1035
1048
1062
1070
1079
1084
1086
1090
1093
1101
1114
1115
1128
1136
1140
1150
1153
1155
1157
1158
1166
1167
1168
1170
1171
1176
1181
1191
1193
1197
1206
1216
1217
1230
1231
1234
1238
1239
1252
1257
1266
1274
1290
1296
1301
1304
1308
1309
1314
1316
1319
1325
1328
1329
1339
1345
1353
1355
1356
1357
1358
1374
1376
1386
1395
1403
1404
1418
1419
1434
1441
1444
1446
1450
1463
1465
1466
1472
1475
1490
1496
1498
1502
1507
1513
1514
1516
1524
1529
1531
1539
1550
1556
1560
1561
1563
1564
1570
1587
1589
1591
1593
1608
1611
1617
1619
1621
1628
1631
1641
1647
1652
1658
1670
1673
1674
1679
1683
1684
1685
1686
1687
1689
1694
1698
1702
