1540 390 8
1158 140 8
140 1581 8
1383 1437 8
1110 1420 8
667 663 8
1570 1156 8
761 21 8
628 957 8
1552 728 8
276 1384 8
1078 1125 8
1166 834 8
1391 789 8
362 158 8
703 197 8
686 167 8
1022 1321 8
1136 1127 8
1321 1062 8
522 1156 8
518 1062 8
403 116 8
865 98 8
1519 265 8
1503 65 8
1039 1305 8
155 487 8
368 75 8
112 291 8
1014 108 8
736 1577 8
76 796 8
1421 387 8
1054 1457 8
527 936 8
643 163 8
980 108 8
762 424 8
695 1550 8
898 3 8
631 1305 8
1540 908 8
1053 387 8
917 59 8
1338 1086 8
867 833 8
752 80 8
934 957 8
712 387 8
1045 291 8
1196 119 8
1177 1207 8
20 179 8
490 92 8
1185 298 8
923 918 8
582 222 8
333 21 8
655 787 8
392 1217 8
703 1460 8
218 167 8
111 1389 8
872 355 8
1329 848 8
1259 1314 8
759 269 8
747 163 8
1398 808 8
1124 47 8
1171 21 8
145 1396 8
723 808 8
1239 1127 8
912 32 8
142 1199 8
470 27 8
592 3 8
768 63 8
457 269 8
1261 119 8
678 1015 8
91 289 8
905 936 8
795 848 8
191 92 8
167 1187 8
306 197 8
1179 102 8
1231 1062 8
863 112 8
1021 891 8
629 3 8
538 1086 8
3 791 8
472 908 8
1123 114 8
267 1577 8
544 75 8
902 282 8
372 83 8
3 1378 8
1481 588 8
1455 39 8
396 92 8
939 815 8
1325 114 8
95 92 8
923 1092 8
1291 382 8
923 410 8
3 561 8
424 1554 8
1452 891 8
733 81 8
145 4 8
873 779 8
1260 47 8
145 1267 8
727 670 2
349 910 2
925 1351 2
818 282 2
673 1211 2
1360 991 2
1568 259 2
526 1488 2
869 894 2
398 844 2
843 796 2
938 88 2
148 1556 2
1480 401 2
231 1138 2
1565 1141 2
774 366 2
803 974 2
106 611 2
1223 1436 2
409 1035 2
1100 1404 2
979 1258 2
604 591 2
575 1075 2
789 1407 2
545 1041 2
367 436 2
98 940 2
1352 523 2
519 424 2
590 812 2
985 1470 2
901 327 2
176 1088 2
943 183 2
162 585 2
399 497 2
1348 1574 2
152 622 2
1442 1514 2
907 1615 2
519 772 2
564 1255 2
1098 1502 2
880 1293 2
1048 421 2
187 1496 2
209 543 2
453 1101 2
1500 1057 2
737 279 2
453 248 2
489 316 2
357 1585 2
187 1168 2
1394 856 2
65 1582 2
907 1629 2
445 1151 2
1557 1205 2
79 789 2
1234 500 2
1027 1416 2
103 156 2
1259 1532 2
1147 421 2
694 1031 2
669 183 2
1534 1619 2
1071 1652 2
1259 680 2
1441 253 2
1259 1320 2
543 949 2
907 935 2
907 1632 2
611 853 2
169 206 2
53 443 2
1444 953 2
331 183 2
619 1653 2
1113 156 2
907 587 2
907 1 2
237 842 2
881 507 2
1410 86 2
646 16 2
1441 1050 2
392 1578 7
705 732 7
899 1613 7
1304 1620 7
1277 1154 7
1318 1181 7
1386 732 7
340 1285 7
772 1241 7
1427 1181 7
438 788 7
473 1314 7
441 1647 7
827 732 7
1134 732 7
1536 1094 52
683 1531 1
744 591 1
1233 1235 1
1297 534 1
1411 1079 1
286 1265 1
1228 1587 1
1369 1415 1
911 1660 1
1489 1700 1
1228 1592 1
1466 1203 1
1567 1703 1
851 1567 1
1228 1598 1
595 1586 5
753 1268 5
1508 382 5
1512 382 5
1339 1672 5
537 970 74
1263 1430 10
10 1580 18
