1
4
10
16
20
65
75
76
79
81
95
98
103
106
108
111
112
142
145
152
167
169
187
191
197
209
218
222
231
248
265
267
279
282
289
306
316
327
331
333
349
362
366
367
372
392
396
398
403
409
410
443
457
470
472
473
487
490
497
518
519
522
526
527
538
544
545
561
564
585
587
591
592
629
631
643
655
663
667
669
680
694
695
705
712
723
727
736
744
747
752
759
761
762
768
772
788
791
795
803
812
815
818
827
842
843
844
851
853
863
867
869
872
873
881
898
901
905
908
912
917
918
934
935
938
940
943
949
953
957
970
979
980
991
1015
1021
1027
1039
1045
1048
1050
1053
1054
1057
1062
1075
1088
1092
1094
1101
1110
1113
1123
1124
1125
1134
1136
1147
1151
1158
1166
1168
1171
1177
1179
1185
1187
1196
1199
1203
1211
1223
1231
1234
1235
1239
1241
1260
1261
1263
1265
1267
1268
1277
1285
1291
1293
1297
1314
1318
1320
1321
1325
1329
1338
1351
1352
1369
1378
1384
1386
1391
1394
1398
1404
1407
1410
1411
1420
1421
1427
1437
1441
1442
1452
1455
1460
1470
1480
1481
1502
1508
1512
1531
1532
1534
1540
1552
1554
1556
1557
1565
1568
1570
1574
1578
1581
1582
1585
1586
1587
1592
1598
1613
1615
1620
1629
1632
1647
1652
1653
1660
1672
1700
1703
