503 148 2
815 1135 2
677 756 2
673 1211 2
341 672 2
665 1077 2
551 514 2
539 1200 2
1004 1131 2
437 1000 2
1338 177 2
894 1058 2
71 401 2
759 1024 2
526 1488 2
945 1253 2
867 320 2
398 844 2
1198 1515 2
843 796 2
45 235 2
53 301 2
938 88 2
148 1556 2
377 602 2
604 974 2
218 1148 2
1258 1141 2
126 1138 2
701 804 2
1271 681 2
368 831 2
3 611 2
109 1197 2
1017 610 2
670 714 2
314 958 2
423 498 2
1443 1561 2
1110 742 2
778 856 2
774 366 2
657 1106 2
535 81 2
1445 360 2
48 677 2
514 699 2
190 33 2
628 798 2
162 1329 2
154 1195 2
379 597 2
488 533 2
476 823 2
255 1393 2
479 569 2
1152 1340 2
460 1073 2
918 768 2
918 1456 2
674 1090 2
1354 1251 2
1098 1264 2
1565 166 2
176 638 2
530 1009 2
642 399 2
604 591 2
167 606 2
360 517 2
45 112 2
240 1047 2
907 858 2
457 779 2
789 1407 2
238 270 2
545 1041 2
1104 1452 2
1114 25 2
850 399 2
162 518 2
595 1255 2
1380 1362 2
367 436 2
1143 183 2
361 510 2
1018 789 2
907 175 2
1352 523 2
446 562 2
750 1483 2
550 214 2
409 980 2
750 1415 2
311 460 2
393 1230 2
168 652 2
1500 1446 2
588 1114 2
1026 172 2
528 388 2
74 269 2
1314 1567 2
84 1305 2
1098 62 2
1525 289 2
380 543 2
1292 1099 2
1031 1120 2
1231 322 2
1451 611 2
808 1416 2
900 1358 2
978 516 2
300 1221 2
499 129 2
507 591 2
454 1155 2
675 877 2
1126 29 2
334 374 2
84 1550 2
738 1303 2
308 208 2
598 831 2
1156 863 2
258 622 2
917 1401 2
430 484 2
867 40 2
281 390 2
221 411 2
410 610 2
1543 789 2
147 1332 2
162 585 2
1379 1239 2
992 690 2
84 452 2
155 512 2
1348 1574 2
86 778 2
1092 315 2
1128 42 2
743 1062 2
957 1133 2
361 1194 2
923 698 2
1098 1502 2
1460 794 2
596 1099 2
325 758 2
189 553 2
1523 318 2
1389 1544 2
187 1496 2
1084 993 2
35 1492 2
952 1354 2
187 1045 2
185 471 2
845 892 2
791 1454 2
176 932 2
988 609 2
697 28 2
923 712 2
1259 876 2
93 1091 2
1444 94 2
1015 543 2
737 865 2
357 1585 2
394 20 2
947 584 2
907 134 2
728 1406 2
1507 764 2
84 1217 2
1517 1205 2
614 1137 2
340 183 2
176 1396 2
867 1323 2
1383 99 2
907 1629 2
1259 1627 2
1087 686 2
1442 47 2
887 650 2
236 183 2
594 137 2
445 1151 2
611 1191 2
454 1005 2
907 1630 2
73 925 2
502 251 2
880 578 2
513 1131 2
339 421 2
867 1563 2
176 265 2
1259 283 2
502 996 2
1071 1652 2
1441 253 2
1444 1269 2
594 793 2
84 959 2
1444 1167 2
1317 1131 2
1259 332 2
907 860 2
245 789 2
1322 789 2
84 522 2
1034 159 2
948 1611 2
1524 326 2
926 619 2
432 1611 2
382 86 2
1259 427 2
923 1636 2
907 1462 2
923 1637 2
907 1631 2
622 1226 2
1087 982 2
923 1302 2
708 621 2
907 1421 2
1425 156 2
907 1326 2
53 443 2
1105 1574 2
1164 790 2
1071 1649 2
293 1574 2
1097 1303 2
296 88 2
1444 1049 2
180 911 2
907 1172 2
8 496 2
424 875 2
1113 156 2
907 1467 2
1202 1137 2
237 842 2
1441 1050 2
164 21 8
234 1310 8
186 848 8
483 140 8
819 52 8
570 54 8
1538 97 8
1537 1217 8
643 163 8
1207 97 8
36 716 8
1497 891 8
799 1550 8
72 1062 8
506 1227 8
906 588 8
1539 63 8
1219 1125 8
9 833 8
956 1581 8
1414 1550 8
1222 47 8
1325 114 8
1315 1389 8
14 663 8
1403 119 7
705 732 7
338 21 7
899 1613 7
1339 766 7
130 146 7
100 732 7
1435 1315 7
908 358 7
340 1285 7
243 732 7
1133 1240 7
1427 1181 7
964 732 7
967 732 7
1064 732 7
7 838 7
1067 732 7
509 732 7
448 732 7
1159 377 5
571 776 5
341 1513 5
1276 382 5
1339 1672 5
1339 1674 5
1304 1661 5
811 776 5
230 117 33
1203 1122 6
1356 1014 0
1569 441 0
651 1604 38
986 1591 38
852 1588 41
176 1616 41
227 724 1
1297 534 1
927 527 1
1528 1306 1
1369 1415 1
1489 1678 1
1466 1694 1
1466 1683 1
1466 1696 1
1466 1684 1
1370 995 1
1226 801 10
1301 1157 62
38 732 48
141 481 9
91 131 67
1315 1668 52
1315 1666 52
