7
8
9
14
25
28
29
33
38
40
42
47
48
52
62
71
72
73
81
86
88
93
94
99
100
112
117
130
131
134
137
148
155
162
164
166
172
175
176
177
180
185
186
189
190
214
221
227
234
235
236
240
243
245
251
258
265
269
270
283
293
296
301
308
311
332
338
339
340
341
358
360
367
368
374
377
379
382
388
390
394
398
410
423
427
430
432
437
443
446
448
452
481
483
488
499
506
507
509
510
513
516
517
518
522
523
526
543
550
551
562
569
570
571
578
584
585
588
591
595
596
597
598
604
606
609
611
621
638
642
643
652
673
674
675
686
698
699
701
705
712
714
716
728
738
743
756
758
759
774
778
779
791
793
798
799
801
811
815
823
842
843
845
850
856
858
860
863
865
867
875
876
887
906
918
926
927
932
948
952
956
957
958
959
964
967
980
982
992
993
996
1005
1009
1015
1017
1018
1024
1034
1041
1045
1049
1050
1058
1064
1067
1073
1077
1092
1097
1098
1099
1104
1105
1106
1110
1113
1120
1131
1137
1138
1141
1143
1148
1151
1155
1157
1159
1164
1167
1172
1191
1194
1195
1197
1198
1200
1202
1203
1207
1211
1217
1219
1221
1222
1226
1230
1231
1240
1253
1269
1271
1276
1285
1297
1302
1303
1305
1314
1315
1317
1322
1323
1325
1326
1332
1339
1340
1348
1354
1356
1358
1369
1370
1379
1380
1393
1396
1401
1403
1407
1414
1415
1416
1421
1425
1427
1435
1441
1451
1456
1460
1462
1467
1483
1492
1496
1497
1500
1502
1507
1513
1517
1523
1524
1525
1528
1537
1538
1539
1543
1544
1550
1556
1561
1563
1569
1585
1588
1591
1604
1613
1616
1627
1629
1630
1631
1636
1637
1649
1652
1661
1666
1668
1672
1674
1678
1683
1684
1694
1696
