503 148 2
266 1328 2
140 1258 2
1062 559 2
349 910 2
718 602 2
925 1351 2
362 450 2
818 282 2
677 756 2
673 1211 2
457 102 2
1478 599 2
1360 991 2
988 1449 2
312 1224 2
1227 1135 2
535 1160 2
1568 259 2
421 1488 2
759 628 2
988 70 2
84 787 2
945 1253 2
398 844 2
1198 1515 2
411 834 2
55 1078 2
30 878 2
35 1198 2
395 1030 2
45 235 2
53 301 2
361 1316 2
704 722 2
377 602 2
1485 789 2
604 974 2
218 1148 2
1251 1355 2
368 831 2
357 1446 2
457 730 2
24 681 2
1017 610 2
314 958 2
1443 1561 2
1459 555 2
889 1366 2
771 1070 2
429 183 2
1445 360 2
420 219 2
1562 466 2
190 33 2
628 798 2
154 1195 2
159 1515 2
488 533 2
479 569 2
1029 724 2
928 300 2
128 1029 2
581 1047 2
555 1053 2
106 903 2
1098 1264 2
979 1258 2
512 753 2
176 638 2
1087 554 2
617 753 2
977 877 2
1506 512 2
1052 393 2
238 270 2
449 541 2
552 363 2
649 985 2
494 1003 2
625 1393 2
850 399 2
145 488 2
595 1255 2
917 883 2
1056 889 2
923 1429 2
1352 523 2
425 888 2
409 980 2
626 662 2
1039 1555 2
900 1309 2
1338 763 2
654 854 2
285 1058 2
532 68 2
207 125 2
1314 1567 2
380 543 2
486 1264 2
1174 150 2
590 812 2
627 541 2
261 491 2
808 1416 2
709 413 2
912 672 2
900 1358 2
1455 126 2
915 611 2
291 1549 2
634 559 2
297 150 2
943 183 2
551 2 2
438 26 2
738 1303 2
308 208 2
409 114 2
1299 1359 2
1156 863 2
85 608 2
194 872 2
867 40 2
147 636 2
221 411 2
561 102 2
1406 1303 2
162 585 2
1379 1239 2
359 77 2
546 809 2
1009 824 2
992 690 2
165 905 2
558 77 2
907 1266 2
1348 1574 2
586 1011 2
923 1149 2
86 778 2
833 321 2
1442 1514 2
202 1232 2
880 720 2
957 1133 2
923 698 2
670 264 2
454 247 2
1458 1006 2
564 1255 2
212 50 2
880 1293 2
665 913 2
501 1214 2
1259 15 2
189 553 2
1061 821 2
1048 421 2
1389 1544 2
457 847 2
1084 993 2
907 1267 2
76 1114 2
835 1406 2
1349 102 2
87 390 2
176 932 2
923 767 2
453 1046 2
308 1021 2
1373 1132 2
1246 645 2
622 637 2
489 316 2
907 1628 2
357 1585 2
1442 1180 2
1193 515 2
922 1162 2
439 1131 2
187 1168 2
880 508 2
867 1086 2
340 183 2
685 1197 2
84 870 2
867 403 2
1324 1321 2
1383 99 2
1259 1627 2
84 937 2
457 929 2
237 176 2
1557 1205 2
1259 372 2
176 1342 2
813 619 2
1259 1641 2
1381 292 2
73 925 2
12 543 2
222 192 2
1225 255 2
103 156 2
513 1131 2
1147 421 2
361 955 2
880 817 2
1071 1652 2
176 1199 2
611 1274 2
1082 941 2
84 959 2
1288 421 2
923 407 2
990 645 2
313 183 2
245 789 2
84 631 2
923 408 2
594 740 2
907 695 2
351 421 2
244 633 2
594 583 2
432 1611 2
382 86 2
907 710 2
176 825 2
907 1576 2
622 1226 2
708 621 2
1444 290 2
907 1421 2
795 86 2
1475 645 2
414 1462 2
345 1400 2
1558 731 2
924 156 2
527 1137 2
84 75 2
1187 1400 2
53 1016 2
1164 790 2
265 897 2
923 1529 2
1111 1137 2
296 88 2
1442 1397 2
1259 1216 2
810 619 2
907 1172 2
424 111 2
461 1619 2
1113 156 2
1307 789 2
426 421 2
1202 1137 2
237 842 2
567 293 0
1356 1014 0
1013 293 0
105 293 0
965 658 0
288 441 0
951 441 0
257 658 0
1134 441 0
1067 99 0
967 441 0
1012 441 0
1377 355 7
1306 936 7
1537 433 7
455 529 7
1538 929 7
1372 834 7
302 1562 7
1325 1342 7
14 1314 7
171 1298 7
1336 570 7
130 146 7
786 1315 7
601 9 7
908 1290 7
737 124 7
1133 133 7
613 1161 7
871 937 7
195 1388 7
906 937 7
1192 1070 7
668 1389 7
1343 80 7
772 1241 7
1249 1389 7
1095 1181 7
880 1220 7
731 748 7
473 1314 7
136 903 52
1536 1094 52
1476 350 30
117 960 30
1300 1000 5
595 1586 5
1304 1589 5
1498 417 5
1051 1245 5
1159 377 5
999 1043 5
1512 382 5
341 1513 5
811 776 5
336 377 6
1390 992 1
1228 1601 1
1466 1651 1
1489 1700 1
1466 1665 1
1466 1679 1
1466 141 1
1567 1702 1
1466 1684 1
1228 1595 1
1466 1687 1
1228 1599 1
1263 1430 10
1089 1580 18
