2
9
12
14
15
24
33
35
40
45
53
70
73
75
76
77
84
86
87
99
103
105
111
114
117
124
128
130
133
136
140
141
145
147
154
159
165
171
176
183
189
194
195
207
208
212
218
221
222
235
237
238
245
247
257
259
264
266
282
285
288
290
296
297
300
302
313
316
321
336
340
345
349
351
360
361
362
363
368
372
377
382
393
398
403
407
408
411
414
420
426
432
438
439
449
457
461
466
473
479
486
491
494
503
508
513
523
527
529
532
533
543
554
555
558
559
561
564
567
570
583
585
590
604
608
613
617
625
626
627
628
631
633
634
637
668
673
677
685
695
698
708
709
710
718
720
722
724
730
738
740
748
753
763
767
786
795
798
808
809
810
811
813
817
821
824
825
835
842
847
850
854
863
870
871
878
883
888
897
903
906
912
913
915
924
929
932
937
941
943
945
951
955
957
958
959
965
967
977
979
980
985
988
990
991
992
993
1006
1011
1012
1013
1016
1017
1021
1030
1043
1046
1047
1048
1051
1052
1053
1056
1067
1070
1078
1086
1089
1094
1095
1098
1111
1113
1134
1147
1149
1159
1160
1162
1164
1168
1172
1174
1180
1187
1192
1193
1195
1199
1202
1214
1216
1220
1224
1225
1226
1227
1232
1241
1246
1249
1251
1255
1259
1263
1266
1267
1274
1288
1290
1293
1299
1300
1306
1307
1309
1314
1321
1325
1342
1343
1348
1349
1351
1356
1358
1360
1366
1372
1373
1377
1379
1381
1390
1397
1406
1421
1429
1442
1443
1445
1446
1455
1475
1476
1478
1485
1488
1498
1506
1512
1513
1514
1515
1529
1537
1538
1544
1549
1555
1557
1558
1576
1585
1586
1589
1595
1599
1601
1627
1628
1641
1651
1652
1665
1679
1684
1687
1700
1702
