1156 1097 7
1261 1097 7
601 158 7
168 716 7
406 176 7
1352 1111 7
898 1388 7
1337 929 7
1215 300 7
958 618 7
387 685 7
438 833 7
80 3 7
1183 320 7
1210 936 7
627 605 7
1069 377 7
761 37 7
415 1109 7
551 462 7
870 929 7
1537 433 7
392 1578 7
601 384 7
435 1243 7
432 568 7
862 1491 7
88 215 7
617 1384 7
479 1500 7
205 275 7
455 529 7
52 433 7
1382 914 7
908 1154 7
98 779 7
681 1199 7
747 355 7
1307 1388 7
928 1176 7
1351 1384 7
1215 75 7
401 848 7
205 1140 7
1383 1520 7
1155 1097 7
316 53 7
1313 833 7
1111 8 7
770 0 7
1317 1097 7
1397 829 7
818 1384 7
1039 296 7
905 1298 7
1200 1395 7
1186 908 7
745 982 7
1056 1418 7
606 547 7
1264 686 7
596 863 7
787 551 7
238 1072 7
1215 697 7
1304 992 7
602 848 7
1136 1491 7
1004 807 7
601 508 7
606 1516 7
1262 685 7
1391 298 7
302 1562 7
882 80 7
65 607 7
1339 766 7
1393 728 7
544 197 7
218 1225 7
385 1199 7
421 994 7
1336 1197 7
1010 1310 7
80 1614 7
302 349 7
233 76 7
1164 433 7
129 1156 7
804 929 7
420 298 7
723 1342 7
940 282 7
810 568 7
1215 362 7
1179 1563 7
1539 1395 7
65 1059 7
65 663 7
931 891 7
1037 937 7
1437 140 7
1468 1457 7
402 1298 7
1152 1418 7
763 795 7
384 312 7
350 80 7
899 1279 7
338 719 7
1445 732 7
704 971 7
731 229 7
505 929 7
154 1389 7
841 929 7
168 450 7
1085 320 7
1215 662 7
1277 1154 7
302 1003 7
20 850 7
492 80 7
598 568 7
1527 1418 7
552 1199 7
708 732 7
438 289 7
881 532 7
241 1324 7
647 819 7
784 204 7
340 486 7
1275 1502 7
429 1314 7
1080 1161 7
321 1097 7
118 891 7
576 937 7
855 265 7
981 1359 7
899 160 7
625 1097 7
501 568 7
1184 1161 7
881 828 7
1182 732 7
1447 732 7
712 561 7
893 1337 7
1275 945 7
635 1314 7
205 727 7
823 1583 7
533 1342 7
718 1256 7
908 358 7
1207 182 7
417 1646 7
1519 1388 7
755 732 7
1453 296 7
606 278 7
340 1285 7
1133 560 7
1274 129 7
88 1032 7
1060 732 7
880 1267 7
1095 1181 7
438 709 7
1467 732 7
1320 1315 7
455 352 7
1228 849 7
41 327 7
802 732 7
254 129 7
876 474 7
968 732 7
257 732 7
74 68 24
545 68 24
1495 68 24
843 68 24
409 68 24
979 68 24
1030 68 24
1029 68 24
423 68 24
927 1468 24
721 219 27
1478 599 2
84 787 2
460 1073 2
600 947 2
1380 1362 2
1018 789 2
32 639 2
1543 789 2
546 809 2
890 1606 2
212 50 2
1294 71 2
907 121 2
1445 1575 2
162 1331 2
923 644 2
357 1585 2
198 183 2
1259 1627 2
907 1630 2
1147 421 2
1071 1652 2
917 1499 2
909 1659 2
543 949 2
907 1632 2
1270 400 2
924 156 2
1444 953 2
923 1529 2
1071 1649 2
1432 1183 2
907 587 2
683 1531 1
1038 995 1
880 1622 1
880 1623 1
1228 1587 1
911 1617 1
1178 321 1
1233 1238 1
1261 1356 1
1228 1602 1
304 17 1
1473 1699 1
1228 1591 1
1466 1203 1
1466 1696 1
851 1567 1
1466 1685 1
64 1567 1
909 493 6
1300 1000 5
523 1431 5
386 1618 5
1508 382 5
1339 1672 5
1339 1673 5
467 377 5
866 658 0
1433 1245 17
1501 1580 18
505 1650 67
