0
3
8
17
52
53
64
74
75
76
84
118
121
129
154
160
168
182
197
198
204
212
215
229
238
254
257
275
278
282
289
312
320
321
327
349
350
352
358
362
384
385
400
401
402
406
409
415
417
420
421
423
429
432
435
438
450
467
474
479
486
492
493
501
505
508
529
532
533
545
551
552
560
561
576
587
598
601
602
605
606
607
617
625
635
639
644
647
662
663
681
685
697
708
709
719
721
723
727
745
747
755
761
763
779
787
802
804
807
809
810
818
828
829
841
843
849
850
851
855
862
863
866
870
882
893
898
905
914
924
927
929
931
945
947
949
953
958
968
971
979
992
1003
1010
1018
1029
1030
1032
1037
1038
1039
1056
1059
1060
1069
1073
1080
1085
1095
1097
1111
1136
1140
1147
1152
1154
1155
1164
1176
1178
1182
1184
1186
1197
1200
1203
1210
1215
1225
1238
1256
1261
1262
1264
1267
1274
1277
1279
1285
1294
1300
1307
1313
1317
1320
1324
1331
1339
1351
1356
1359
1380
1391
1393
1431
1432
1433
1437
1445
1447
1453
1457
1467
1478
1495
1499
1501
1502
1508
1516
1519
1520
1527
1529
1531
1537
1539
1543
1562
1563
1575
1578
1583
1585
1587
1591
1602
1606
1614
1617
1618
1622
1623
1627
1630
1632
1649
1650
1652
1659
1672
1673
1685
1696
1699
