503 148 2
1062 559 2
800 1283 2
815 1135 2
727 670 2
23 1084 2
359 1100 2
575 502 2
673 1211 2
232 736 2
341 672 2
665 1077 2
1478 599 2
453 458 2
988 1449 2
1004 1131 2
535 1160 2
1568 259 2
1541 697 2
424 942 2
71 401 2
978 1033 2
421 1488 2
759 628 2
988 70 2
398 844 2
391 1058 2
1198 1515 2
1405 661 2
45 235 2
53 301 2
361 1316 2
704 722 2
377 602 2
27 203 2
218 1148 2
676 1554 2
1258 1141 2
1480 401 2
368 831 2
565 26 2
229 307 2
217 889 2
220 239 2
1459 555 2
1110 742 2
774 366 2
69 455 2
535 81 2
1445 360 2
1562 466 2
379 597 2
241 421 2
582 856 2
476 823 2
255 1393 2
1152 1340 2
918 768 2
1030 1242 2
1354 1251 2
454 697 2
217 829 2
800 1452 2
1493 104 2
581 1047 2
106 903 2
85 437 2
190 833 2
877 681 2
1223 1436 2
176 638 2
1087 554 2
907 858 2
1375 796 2
457 779 2
981 857 2
603 647 2
619 383 2
162 518 2
485 836 2
595 1255 2
505 216 2
367 436 2
594 907 2
1052 917 2
142 1362 2
917 883 2
907 175 2
907 107 2
550 214 2
311 460 2
168 652 2
880 200 2
34 987 2
442 872 2
1454 125 2
1314 1567 2
520 650 2
1098 62 2
369 762 2
917 536 2
907 120 2
112 1169 2
1231 322 2
1346 1457 2
872 1458 2
627 541 2
611 890 2
1407 1002 2
1455 126 2
499 129 2
297 150 2
925 151 2
1454 406 2
738 1303 2
308 208 2
1156 863 2
711 1135 2
769 314 2
194 872 2
281 390 2
32 639 2
221 411 2
548 854 2
1543 789 2
546 809 2
867 1296 2
558 77 2
1348 1574 2
983 1354 2
277 699 2
586 1011 2
86 778 2
1092 315 2
1201 287 2
152 622 2
27 1124 2
796 1481 2
202 1232 2
957 1133 2
1104 1453 2
49 745 2
374 747 2
1460 794 2
880 1293 2
1383 658 2
501 1214 2
1259 15 2
428 758 2
66 26 2
457 847 2
864 1619 2
605 1452 2
209 543 2
187 1045 2
185 471 2
845 892 2
867 163 2
988 609 2
1458 1007 2
1373 1132 2
1319 1506 2
311 999 2
1205 1091 2
457 916 2
868 335 2
489 316 2
357 1585 2
477 986 2
907 134 2
1132 1400 2
619 691 2
650 1518 2
921 420 2
867 1086 2
176 80 2
614 1137 2
1394 856 2
867 403 2
828 1454 2
65 1582 2
502 60 2
592 1188 2
1383 99 2
848 1021 2
907 886 2
887 650 2
237 176 2
176 1520 2
1557 1205 2
907 1630 2
289 1461 2
454 330 2
819 86 2
1259 1641 2
1381 292 2
355 181 2
361 765 2
1225 255 2
1477 1214 2
1027 1416 2
513 1131 2
1259 1532 2
694 1031 2
1145 183 2
902 1401 2
502 996 2
1441 253 2
594 793 2
1444 1167 2
732 622 2
1288 421 2
907 860 2
1412 581 2
313 183 2
245 789 2
923 408 2
923 700 2
1270 719 2
378 1644 2
907 123 2
1259 1213 2
907 1392 2
948 1611 2
907 935 2
1236 86 2
1310 1544 2
1566 645 2
1259 427 2
907 710 2
923 1637 2
907 1229 2
708 621 2
1259 149 2
1298 770 2
907 1312 2
414 1462 2
611 254 2
1558 731 2
549 621 2
907 1326 2
84 75 2
1187 1400 2
1509 11 2
293 1574 2
296 88 2
1259 1216 2
810 619 2
37 292 2
907 1172 2
8 496 2
1334 1335 2
1071 746 2
1471 86 2
619 580 2
1540 390 8
140 1581 8
1552 728 8
28 820 8
483 140 8
865 1482 8
364 588 8
643 163 8
1547 1377 8
1054 18 8
1023 1396 8
1204 936 8
1487 1125 8
343 1125 8
632 1004 8
1192 92 8
754 296 8
799 1550 8
797 90 8
1548 21 8
1179 102 8
124 936 8
786 32 8
472 908 8
9 833 8
951 163 8
1222 47 8
1329 1491 7
1209 259 7
392 1578 7
1066 732 7
132 732 7
1494 428 7
130 146 7
908 1290 7
1318 1181 7
784 204 7
340 376 7
1560 1181 7
1065 732 7
1427 1181 7
326 1625 7
1133 560 7
1060 732 7
340 832 7
469 732 7
1134 732 7
257 732 7
624 261 1
286 1421 1
1233 1235 1
1038 995 1
1528 1306 1
1466 760 1
880 1622 1
1228 1587 1
1466 1690 1
1190 1664 1
1466 1692 1
1228 1603 1
56 1567 1
1489 1682 1
781 1567 1
1228 1593 1
1567 1702 1
1051 1569 1
1466 1684 1
302 193 1
90 1465 5
1314 1657 5
1339 1672 5
1339 1674 5
1339 1675 5
1289 293 0
866 658 0
1244 1014 0
801 970 9
1056 1609 47
1433 1245 17
1551 534 4
