9
15
18
27
34
37
53
56
60
62
66
70
71
75
80
81
85
86
99
107
120
123
124
132
134
142
146
148
149
151
152
163
175
185
193
194
202
204
208
209
214
220
221
235
237
241
245
253
254
257
259
277
286
293
296
297
301
307
311
313
316
330
343
355
359
360
361
364
366
368
369
376
377
383
390
391
398
403
406
408
414
427
428
436
454
455
458
469
472
483
485
496
499
501
505
513
518
536
548
549
554
555
558
560
565
575
580
582
592
594
595
597
605
609
621
624
627
628
632
638
639
643
647
650
652
658
670
672
673
676
691
694
697
700
710
711
722
732
736
742
745
746
747
754
760
765
769
779
781
786
793
794
797
799
800
809
810
819
820
823
828
829
832
833
845
847
848
857
860
866
868
872
877
880
883
886
887
889
890
902
903
907
916
917
918
921
935
942
948
951
957
970
978
983
986
988
996
999
1002
1004
1007
1011
1023
1027
1038
1045
1047
1060
1062
1065
1066
1077
1084
1086
1092
1110
1124
1134
1135
1137
1141
1145
1148
1152
1156
1160
1167
1169
1172
1179
1187
1188
1192
1198
1201
1204
1205
1209
1213
1216
1222
1223
1225
1229
1231
1235
1236
1242
1244
1270
1288
1289
1290
1293
1296
1298
1303
1310
1312
1318
1319
1326
1335
1346
1354
1373
1375
1377
1381
1392
1393
1394
1400
1405
1412
1427
1433
1452
1453
1454
1455
1458
1461
1465
1471
1477
1478
1480
1481
1482
1487
1488
1491
1493
1494
1509
1518
1520
1528
1532
1540
1541
1543
1548
1551
1552
1554
1557
1558
1560
1562
1566
1567
1569
1574
1578
1581
1582
1585
1587
1593
1603
1609
1619
1622
1625
1630
1637
1641
1644
1657
1664
1672
1674
1675
1682
1684
1690
1692
1702
