2
4
5
7
8
10
11
19
21
22
28
29
32
34
43
52
55
58
59
63
64
65
66
75
89
94
98
104
107
109
124
126
129
136
145
150
155
157
161
167
170
172
175
179
195
199
211
227
242
243
269
270
285
293
294
295
299
300
306
311
317
324
325
327
329
330
337
339
346
350
352
362
365
372
373
377
386
396
397
403
405
407
420
426
430
433
434
439
442
443
448
450
461
462
466
477
479
483
487
490
491
493
499
503
508
510
512
513
522
526
529
531
533
534
547
549
556
558
563
564
573
576
577
579
581
590
591
595
599
600
601
608
612
616
632
634
640
644
651
655
656
658
660
661
662
663
671
673
675
677
686
687
697
709
718
725
732
733
746
747
749
755
761
779
792
793
795
798
801
804
812
819
826
847
850
858
868
882
886
910
914
920
923
927
938
948
953
955
958
961
971
973
992
997
1000
1007
1009
1025
1029
1042
1055
1062
1070
1078
1083
1084
1085
1087
1089
1129
1131
1132
1134
1140
1141
1144
1146
1149
1156
1158
1164
1175
1178
1182
1192
1200
1202
1207
1210
1215
1227
1229
1232
1239
1245
1252
1253
1258
1262
1268
1269
1270
1271
1275
1286
1291
1299
1304
1309
1310
1314
1317
1320
1325
1334
1342
1344
1345
1346
1347
1349
1351
1355
1357
1359
1360
1370
1373
1375
1379
1385
1392
1394
1396
1399
1405
1412
1419
1424
1429
1435
1440
1442
1446
1447
1456
1460
1463
1469
1474
1475
1483
1488
1489
1494
1498
1502
1506
1507
1508
1511
1531
1532
1534
1544
1547
1551
1552
1557
1558
1567
1572
1575
1579
1580
1584
1589
1594
1599
1607
1611
1614
1616
1618
1624
1631
1632
1635
1639
1640
1655
1656
1664
1669
1671
1673
1678
1689
1702
1703
