0
1
8
11
12
15
17
24
26
28
33
34
38
42
45
51
57
64
67
80
86
87
88
90
93
97
103
113
115
118
124
139
143
147
161
166
169
172
176
178
187
192
202
205
207
208
210
212
225
234
242
249
251
275
276
279
284
290
292
299
307
308
320
322
323
332
337
338
339
349
353
365
371
380
397
406
410
419
434
439
440
451
452
453
457
465
466
467
474
478
488
495
501
502
504
507
510
521
526
527
529
530
534
535
540
546
547
548
549
553
558
575
586
587
590
593
594
596
598
603
612
620
631
642
656
669
671
682
694
697
700
702
705
708
720
734
739
742
744
759
761
771
781
783
788
795
796
809
821
823
824
845
846
847
858
864
868
874
879
880
883
885
891
897
898
904
908
914
915
917
921
923
928
933
934
936
939
940
944
946
958
962
969
975
988
990
995
998
999
1013
1019
1022
1024
1027
1040
1046
1052
1054
1062
1070
1071
1072
1073
1074
1082
1083
1087
1088
1089
1090
1102
1103
1107
1112
1118
1128
1132
1139
1141
1142
1144
1151
1152
1158
1166
1173
1184
1187
1190
1198
1199
1207
1209
1215
1221
1224
1228
1233
1236
1240
1248
1252
1255
1260
1264
1269
1270
1273
1280
1285
1287
1296
1300
1306
1322
1324
1325
1326
1333
1334
1341
1342
1351
1356
1359
1360
1365
1368
1371
1374
1393
1394
1396
1400
1407
1419
1424
1429
1438
1441
1453
1461
1463
1465
1470
1476
1481
1488
1501
1504
1506
1507
1508
1515
1517
1524
1525
1526
1529
1530
1536
1542
1544
1549
1556
1559
1562
1566
1572
1573
1581
1584
1585
1593
1604
1608
1609
1612
1623
1630
1631
1638
1639
1641
1642
1647
1653
1656
1657
1664
1665
1667
1671
1673
1676
1678
1684
1691
1700
1702
